death
- Delay -
active: false
- Duration - 
lowMin: 200.0
lowMax: 200.0
- Count - 
min: 0
max: 1500
- Emission - 
lowMin: 0.0
lowMax: 0.0
highMin: 500.0
highMax: 500.0
relative: false
scalingCount: 1
scaling0: 1.0
timelineCount: 1
timeline0: 0.0
- Life - 
lowMin: 0.0
lowMax: 0.0
highMin: 1000.0
highMax: 1000.0
relative: false
scalingCount: 2
scaling0: 0.4489796
scaling1: 1.0
timelineCount: 2
timeline0: 0.0
timeline1: 1.0
- Life Offset -
active: false
- X Offset -
active: false
- Y Offset - 
active: false
- Spawn Shape - 
shape: point
- Spawn Width - 
lowMin: 0.0
lowMax: 0.0
highMin: 100.0
highMax: 100.0
relative: false
scalingCount: 2
scaling0: 1.0
scaling1: 0.0
timelineCount: 2
timeline0: 0.0
timeline1: 1.0
- Spawn Height - 
lowMin: 0.0
lowMax: 0.0
highMin: 100.0
highMax: 100.0
relative: false
scalingCount: 2
scaling0: 1.0
scaling1: 0.0
timelineCount: 2
timeline0: 0.0
timeline1: 1.0
- X Scale - 
lowMin: 0.0
lowMax: 0.0
highMin: 32.0
highMax: 32.0
relative: false
scalingCount: 1
scaling0: 1.0
timelineCount: 1
timeline0: 0.0
- Y Scale - 
active: false
- Velocity - 
active: true
lowMin: 0.0
lowMax: 0.0
highMin: 50.0
highMax: 500.0
relative: false
scalingCount: 5
scaling0: 1.0
scaling1: 0.9719101
scaling2: 0.8258427
scaling3: 0.7247191
scaling4: 0.3258427
timelineCount: 5
timeline0: 0.0
timeline1: 0.0890411
timeline2: 0.40273973
timeline3: 0.5657534
timeline4: 0.99452055
- Angle - 
active: true
lowMin: 0.0
lowMax: 360.0
highMin: 0.0
highMax: 0.0
relative: false
scalingCount: 1
scaling0: 0.0
timelineCount: 1
timeline0: 0.0
- Rotation - 
active: false
- Wind - 
active: false
- Gravity - 
active: false
- Tint - 
colorsCount: 21
colors0: 1.0
colors1: 0.0
colors2: 0.0
colors3: 1.0
colors4: 0.27450982
colors5: 0.0
colors6: 1.0
colors7: 0.3019608
colors8: 0.0
colors9: 1.0
colors10: 0.5686275
colors11: 0.0
colors12: 0.8117647
colors13: 0.57254905
colors14: 0.18039216
colors15: 0.5647059
colors16: 0.50980395
colors17: 0.16470589
colors18: 0.4392157
colors19: 0.42352942
colors20: 0.0
timelineCount: 7
timeline0: 0.0
timeline1: 0.1891892
timeline2: 0.3276203
timeline3: 0.47396177
timeline4: 0.6203032
timeline5: 0.8127884
timeline6: 1.0
- Transparency - 
lowMin: 0.0
lowMax: 0.0
highMin: 1.0
highMax: 1.0
relative: false
scalingCount: 10
scaling0: 1.0
scaling1: 0.7696629
scaling2: 0.7022472
scaling3: 0.35955057
scaling4: 0.24719101
scaling5: 0.101123594
scaling6: 0.101123594
scaling7: 0.19662921
scaling8: 0.28089887
scaling9: 0.85393256
timelineCount: 10
timeline0: 0.0
timeline1: 0.40206185
timeline2: 0.45498282
timeline3: 0.63436425
timeline4: 0.67560136
timeline5: 0.71546394
timeline6: 0.73676974
timeline7: 0.76082474
timeline8: 0.8158076
timeline9: 0.9993127
- Options - 
attached: false
continuous: false
aligned: false
additive: true
behind: false
premultipliedAlpha: false
spriteMode: random
- Image Paths -
particle.png
particle_loop.png

